SEGM;TOTAL;D25;GID;PERXCONT1
224;9;151; 63;16,77777778
109;12;325; 69;27,08333333
107;16;362; 71;22,625
303;9;81; 77;9
205;33;355; 125;10,75757576
204;38;526; 128;13,84210526
204;38;526; 130;13,84210526
123;5;173; 157;34,6
102;35;458; 883;13,08571429
203;35;392; 887;11,2
203;35;392; 888;11,2
203;35;392; 889;11,2
203;35;392; 890;11,2
203;35;392; 892;11,2
203;35;392; 895;11,2
203;35;392; 896;11,2
102;35;458; 897;13,08571429
102;35;458; 898;13,08571429
202;29;474; 899;16,34482759
103;25;374; 900;14,96
104;33;573; 901;17,36363636
303;9;81; 903;9
204;38;526; 906;13,84210526
303;9;81; 907;9
303;9;81; 909;9
303;9;81; 910;9
103;25;374; 911;14,96
103;25;374; 913;14,96
102;35;458; 917;13,08571429
1;25;488; 918;19,52
1;25;488; 920;19,52
1;25;488; 921;19,52
202;29;474; 923;16,34482759
104;33;573; 925;17,36363636
104;33;573; 926;17,36363636
204;38;526; 928;13,84210526
204;38;526; 929;13,84210526
104;33;573; 930;17,36363636
104;33;573; 931;17,36363636
202;29;474; 935;16,34482759
1;25;488; 936;19,52
1;25;488; 939;19,52
1;25;488; 940;19,52
104;33;573; 941;17,36363636
104;33;573; 942;17,36363636
106;24;352; 943;14,66666667
204;38;526; 945;13,84210526
104;33;573; 946;17,36363636
104;33;573; 947;17,36363636
106;24;352; 949;14,66666667
204;38;526; 950;13,84210526
303;9;81; 951;9
303;9;81; 952;9
303;9;81; 953;9
203;35;392; 954;11,2
103;25;374; 963;14,96
103;25;374; 964;14,96
103;25;374; 965;14,96
2;8;463; 969;57,875
204;38;526; 970;13,84210526
204;38;526; 972;13,84210526
103;25;374; 973;14,96
103;25;374; 974;14,96
103;25;374; 975;14,96
203;35;392; 979;11,2
205;33;355; 981;10,75757576
105;25;392; 982;15,68
105;25;392; 983;15,68
1;25;488; 984;19,52
1;25;488; 986;19,52
204;38;526; 990;13,84210526
306;10;112; 992;11,2
104;33;573; 994;17,36363636
104;33;573; 996;17,36363636
106;24;352; 998;14,66666667
105;25;392; 999;15,68
105;25;392; 1001;15,68
106;24;352; 1002;14,66666667
2;8;463; 1004;57,875
2;8;463; 1005;57,875
205;33;355; 1016;10,75757576
203;35;392; 1019;11,2
205;33;355; 1032;10,75757576
205;33;355; 1045;10,75757576
305;6;16; 1046;2,666666667
305;6;16; 1048;2,666666667
305;6;16; 1049;2,666666667
205;33;355; 1052;10,75757576
207;13;335; 1053;25,76923077
207;13;335; 1054;25,76923077
207;13;335; 1055;25,76923077
209;11;286; 1057;26
207;13;335; 1059;25,76923077
209;11;286; 1062;26
107;16;362; 1063;22,625
207;13;335; 1064;25,76923077
305;6;16; 1065;2,666666667
205;33;355; 1066;10,75757576
305;6;16; 1067;2,666666667
107;16;362; 1068;22,625
306;10;112; 1069;11,2
107;16;362; 1070;22,625
109;12;325; 1071;27,08333333
109;12;325; 1072;27,08333333
208;14;208; 1079;14,85714286
306;10;112; 1083;11,2
306;10;112; 1084;11,2
106;24;352; 1085;14,66666667
206;24;460; 1089;19,16666667
206;24;460; 1092;19,16666667
208;14;208; 1094;14,85714286
208;14;208; 1095;14,85714286
208;14;208; 1101;14,85714286
208;14;208; 1106;14,85714286
306;10;112; 1109;11,2
306;10;112; 1118;11,2
106;24;352; 1120;14,66666667
106;24;352; 1122;14,66666667
106;24;352; 1124;14,66666667
106;24;352; 1126;14,66666667
206;24;460; 1127;19,16666667
205;33;355; 1128;10,75757576
206;24;460; 1129;19,16666667
205;33;355; 1130;10,75757576
206;24;460; 1131;19,16666667
205;33;355; 1132;10,75757576
206;24;460; 1133;19,16666667
206;24;460; 1134;19,16666667
205;33;355; 1135;10,75757576
108;13;361; 1136;27,76923077
208;14;208; 1137;14,85714286
206;24;460; 1142;19,16666667
106;24;352; 1144;14,66666667
106;24;352; 1147;14,66666667
106;24;352; 1148;14,66666667
106;24;352; 1150;14,66666667
105;25;392; 1151;15,68
105;25;392; 1153;15,68
105;25;392; 1155;15,68
105;25;392; 1157;15,68
105;25;392; 1158;15,68
205;33;355; 1163;10,75757576
205;33;355; 1164;10,75757576
206;24;460; 1166;19,16666667
206;24;460; 1173;19,16666667
206;24;460; 1175;19,16666667
206;24;460; 1176;19,16666667
206;24;460; 1177;19,16666667
206;24;460; 1178;19,16666667
224;9;151; 1200;16,77777778
123;5;173; 1201;34,6
123;5;173; 1202;34,6
223;9;149; 1203;16,55555556
223;9;149; 1204;16,55555556
209;11;286; 1211;26
123;5;173; 1212;34,6
124;6;173; 1213;28,83333333
107;16;362; 1214;22,625
124;6;173; 1215;28,83333333
207;13;335; 1216;25,76923077
207;13;335; 1217;25,76923077
124;6;173; 1224;28,83333333
124;6;173; 1225;28,83333333
123;5;173; 1226;34,6
108;13;361; 1251;27,76923077
305;6;16; 1394;2,666666667
209;11;286; 1396;26
106;24;352; 1429;14,66666667
1;25;488; 1432;19,52
103;25;374; 1434;14,96
109;12;325; 1450;27,08333333
208;14;208; 1458;14,85714286
206;24;460; 1460;19,16666667
106;24;352; 1462;14,66666667
224;9;151; 1470;16,77777778
224;9;151; 1471;16,77777778
224;9;151; 1472;16,77777778
223;9;149; 1473;16,55555556
223;9;149; 1475;16,55555556
223;9;149; 1486;16,55555556
223;9;149; 1487;16,55555556
223;9;149; 1488;16,55555556
224;9;151; 1489;16,77777778
224;9;151; 1490;16,77777778
224;9;151; 1491;16,77777778
224;9;151; 1498;16,77777778
124;6;173; 1500;28,83333333
223;9;149; 1504;16,55555556
