SEGM;TOTAL;D25;GID;PERXCONT1
3;19;546; 121;28,73684211
202;29;474; 169;16,34482759
202;29;474; 391;16,34482759
204;38;526; 394;13,84210526
204;38;526; 395;13,84210526
104;33;573; 396;17,36363636
202;29;474; 397;16,34482759
101;24;311; 399;12,95833333
101;24;311; 404;12,95833333
1;25;488; 406;19,52
3;19;546; 409;28,73684211
201;28;305; 411;10,89285714
202;29;474; 413;16,34482759
3;19;546; 420;28,73684211
201;28;305; 424;10,89285714
201;28;305; 425;10,89285714
3;19;546; 426;28,73684211
4;5;418; 427;83,6
3;19;546; 428;28,73684211
4;5;418; 430;83,6
3;19;546; 431;28,73684211
3;19;546; 432;28,73684211
3;19;546; 434;28,73684211
3;19;546; 436;28,73684211
1;25;488; 439;19,52
1;25;488; 441;19,52
1;25;488; 447;19,52
202;29;474; 452;16,34482759
202;29;474; 457;16,34482759
102;35;458; 461;13,08571429
102;35;458; 462;13,08571429
202;29;474; 466;16,34482759
101;24;311; 493;12,95833333
102;35;458; 528;13,08571429
202;29;474; 530;16,34482759
1;25;488; 541;19,52
1;25;488; 755;19,52
102;35;458; 756;13,08571429
1;25;488; 758;19,52
1;25;488; 759;19,52
102;35;458; 760;13,08571429
1;25;488; 761;19,52
4;5;418; 762;83,6
102;35;458; 763;13,08571429
102;35;458; 765;13,08571429
202;29;474; 767;16,34482759
3;19;546; 768;28,73684211
3;19;546; 769;28,73684211
4;5;418; 775;83,6
3;19;546; 780;28,73684211
1;25;488; 784;19,52
3;19;546; 787;28,73684211
3;19;546; 788;28,73684211
1;25;488; 791;19,52
1;25;488; 793;19,52
1;25;488; 796;19,52
102;35;458; 799;13,08571429
102;35;458; 802;13,08571429
202;29;474; 808;16,34482759
102;35;458; 811;13,08571429
1;25;488; 812;19,52
1;25;488; 813;19,52
