
0
77
48
87
44
30
64
14
22
47
72
50
96
18
54
87
69
45
13
91
56
84
98
6
13
62
47
74
95
50
93
70
68
34
73
75
69
18
18
75
66
4
30
82
42
84
57
18
12
48
37
14
84
69
12
83
53
88
8
80
49
39
49
76
20
12
3
46
59
37
37
41
44
39
53
86
54
58
71
28
54
97
18
62
37
59
96
59
58
17
3
95
84
66
0
38
57
86
97
48
91
83
32
48
28
43
6
1
53
63
54
7
75
32
78
62
61
9
16
71
14
21
98
4
60
27
40
57
31
36
76
64
92
44
80
61
46
21
40
85
54
45
71
9
75
58
56
52
76
69
10
73
7
37
80
66
72
70
48
51
90
75
2
99
31
28
1
42
74
40
75
96
90
86
14
9
6
27
60
42
7
26
19
31
3
48
46
7
48