831
72
57
5
14
54
9
87
49
87
73
56
75
42
47
11
42
36
28
31
24
33
53
72
78
60
99
21
90
70
78
19
93
20
9
41
13
36
96
29
0
1
86
27
22
29
95
30
17
17
50
95
16
8
5
34
9
28
6
77
8
37
80
92
86
51
55
38
59
28
41
97
88
69
51
61
96
61
60
80
34
32
81
23
52
1
43
77
88
32
90
69
28
39
30
49
67
51
4
77
31
68
98
83
66
10
56
65
79
83
12
70
73
18
41
30
54
78
24
52
90
11
4
46
34
78
93
16
97
60
60
14
15
62
9
8
89
4
0
8
37
59
2
22
27
38
18
57
24
45
33
95
55
85
48
31
34
12
91
23
20
96
90
44
29
87
36
82
42
95
81
9
31
97
42
70
87
68
59
80
28
82
5
62
44
46
89
89
64
70
2
28
43
89
27
96
14
54
9
99
32
35
56
33
37
69
89
25
97
21
92
50
8
51
12
21
80
31
76
0
75
92
45
97
74
38
86
65
78
54
47
69
71
77
12
11
99
86
17
14
70
47
95
71
21
34
50
48
60
83
41
87
13
70
40
0
53
16
13
32
26
10
75
42
64
68
79
12
41
5
0
35
98
8
86
24
47
52
27
71
67
86
51
50
12
71
19
43
41
66
5
60
20
11
75
64
14
77
49
15
7
14
25
42
39
88
66
93
86
17
8
22
65
1
59
54
93
89
99
92
78
88
9
94
40
1
41
89
62
42
20
57
65
88
8
89
19
21
86
89
66
69
3
21
55
66
25
23
28
10
50
62
75
10
87
81
32
99
7
7
47
97
14
33
82
25
9
47
22
69
67
24
82
88
18
48
92
4
56
84
85
78
54
13
80
16
56
38
23
35
31
88
13
98
87
92
76
99
92
56
3
91
81
28
24
89
8
75
25
88
29
74
76
91
86
56
10
95
68
93
60
39
52
34
69
47
13
13
69
99
73
71
22
84
99
74
11
9
65
90
57
72
48
0
5
39
26
5
52
98
42
25
9
32
54
51
15
74
94
89
87
81
33
54
20
59
6
92
6
52
89
82
56
31
64
43
84
28
74
15
94
18
39
34
8
1
54
42
41
46
58
36
0
60
55
72
16
92
10
38
26
93
37
17
3
97
62
30
97
87
30
38
89
81
46
97
95
72
50
87
77
43
90
13
57
10
19
17
59
59
82
12
44
42
27
80
94
74
78
62
28
31
11
26
12
61
0
62
40
27
36
81
3
66
86
64
26
57
53
53
40
25
91
12
50
49
9
59
3
3
59
82
36
83
59
11
72
50
73
28
0
3
74
90
46
98
38
27
59
30
53
80
27
57
73
65
69
47
30
83
36
83
70
63
58
58
32
21
76
2
84
3
39
20
46
9
98
67
5
55
76
0
79
58
97
63
35
21
61
4
90
2
21
7
6
88
43
21
65
24
76
35
99
25
85
50
11
58
80
98
20
14
17
93
80
27
69
55
94
24
86
35
25
53
89
9
61
58
57
96
38
64
85
8
83
19
46
36
26
9
67
62
3
40
62
15
14
15
80
6
65
63
76
73
16
25
52
67
37
65
5
90
55
17
19
9
47
3
46
55
85
58
51
35
89
68
82
23
79
50
41
7
66
89
34
34
25
20
67
16
54
63
35
33
77
87
48
7
53
25
48
67
78
1
85
29
7
71
95
1
78
60
12
86
27
11
66
6
66
44
1
65
93
19
23
83
62
46
98
25
58
68
90
68
3
10
97
9
56
80
3
28
23
21
46
84
76
61
35
29
38
15
71
45
90
71
1
29
28
34
49
71
21
33
74
82
10
97
45
1
61
60
88
14
11
9
82
8
74
34
76
90
52
47
44
84
9
44
5
31
58
7
